
Cena:

- nerozhoduje -0 500 1000 1500 2000 2500 3000 4000 5000 6000 7000 8000 9000 10000 12500 15000 17500 20000 25000 30000 35000 40000 50000 100000 150000 200000 250000 300000 400000 500000 - nerozhoduje -500 1000 1500 2000 2500 3000 4000 5000 6000 7000 8000 9000 10000 12500 15000 17500 20000 25000 30000 35000 40000 50000 100000 150000 200000 250000 300000 400000 500000 1000000

Motor:

- nerozhoduje - benzínnaftaelekroLPG+benzinmethanolvodíkCNG+benzin

Rok výroby:

- nerozhoduje -2008 2007 2006 2005 2004 2003 2002 2001 2000 1999 1998 1997 1996 1995 1994 1993 1992 1991 1990 1989 1988 1987 1986 1985 1984 1983 1982 1981 1980 1975 1970 1965 1960 1955 1950 1945 1940 1930 1920 1910 - nerozhoduje -2008 2007 2006 2005 2004 2003 2002 2001 2000 1999 1998 1997 1996 1995 1994 1993 1992 1991 1990 1989 1988 1987 1986 1985 1984 1983 1982 1981 1980 1975 1970 1965 1960 1955 1950 1945 1940 1930 1920 1910

Najeto km:

- nerozhoduje -0 500 1000 1500 2000 2500 3000 4000 5000 6000 7000 8000 9000 10000 12500 15000 17500 20000 25000 30000 35000 40000 50000 100000 150000 200000 250000 300000 400000 500000 - nerozhoduje -500 1000 1500 2000 2500 3000 4000 5000 6000 7000 8000 9000 10000 12500 15000 17500 20000 25000 30000 35000 40000 50000 100000 150000 200000 250000 300000 400000 500000 1000000
